0.931235 0.068735 0.000010 0.000010 0.000010
0.444205 0.203546 0.000010 0.000010 0.352229
0.735017 0.127354 0.000010 0.015349 0.122269
0.833753 0.129468 0.000010 0.036760 0.000010
0.634360 0.117952 0.000010 0.000010 0.247668
0.818902 0.044286 0.073754 0.000010 0.063048
0.803142 0.021053 0.000010 0.000010 0.175785
0.802270 0.107924 0.000010 0.000010 0.089787
0.757783 0.052664 0.059894 0.000010 0.129648
0.928772 0.047905 0.000010 0.000010 0.023303
0.833622 0.008451 0.100019 0.009008 0.048900
0.891416 0.000010 0.000010 0.000010 0.108554
0.941029 0.000010 0.000010 0.058941 0.000010
0.764948 0.046438 0.116950 0.000010 0.071654
0.856520 0.009765 0.027175 0.000010 0.106531
0.835917 0.017175 0.000010 0.017799 0.129099
0.946240 0.000010 0.000010 0.024104 0.029635
0.756377 0.011070 0.000010 0.000010 0.232533
0.680356 0.131900 0.057150 0.000010 0.130585
0.614003 0.126959 0.078934 0.000010 0.180094
0.824197 0.000010 0.000010 0.059096 0.116687
0.678029 0.190742 0.000010 0.000010 0.131209
0.939046 0.038314 0.000010 0.000010 0.022621
0.940145 0.000010 0.059825 0.000010 0.000010
0.732881 0.094514 0.000010 0.000010 0.172585
0.868124 0.017932 0.040775 0.073159 0.000010
0.802463 0.000010 0.139384 0.000010 0.058134
0.952471 0.000010 0.000010 0.000010 0.047499
0.731523 0.036088 0.000010 0.000010 0.232369
0.763421 0.000010 0.014228 0.000010 0.222331
0.670230 0.176577 0.038908 0.000010 0.114274
0.860437 0.009667 0.000010 0.000010 0.129876
0.859371 0.083424 0.027520 0.000010 0.029675
0.793797 0.174908 0.000010 0.026030 0.005255
0.918551 0.000010 0.081419 0.000010 0.000010
0.942697 0.011410 0.041463 0.000010 0.004420
0.675221 0.070548 0.000010 0.000010 0.254212
0.886081 0.000010 0.046711 0.000010 0.067188
0.666260 0.176313 0.093857 0.000010 0.063559
0.792734 0.000010 0.142361 0.064885 0.000010
0.730173 0.107897 0.083296 0.000010 0.078624
0.753341 0.178314 0.000010 0.000010 0.068325
0.957188 0.042782 0.000010 0.000010 0.000010
0.913303 0.046913 0.000010 0.039764 0.000010
0.867363 0.000010 0.062972 0.000010 0.069645
0.876017 0.000010 0.040528 0.016412 0.067033
0.824387 0.000010 0.092218 0.000010 0.083375
0.767436 0.000010 0.000010 0.000010 0.232534
0.729726 0.138865 0.000010 0.000010 0.131389
0.835738 0.000010 0.000010 0.009914 0.154328
0.902553 0.000010 0.000010 0.000010 0.097417
0.795729 0.148708 0.000010 0.000010 0.055543
0.860259 0.037888 0.054265 0.047578 0.000010
0.802928 0.009936 0.026425 0.025480 0.135232
0.840240 0.159730 0.000010 0.000010 0.000010
0.651193 0.144361 0.204426 0.000010 0.000010
0.549109 0.187491 0.211732 0.051658 0.000010
0.823374 0.100213 0.000010 0.000010 0.076393
0.650636 0.000010 0.156830 0.042358 0.150167
0.766171 0.000010 0.189598 0.000010 0.044211
0.686150 0.068214 0.186883 0.058743 0.000010
0.499048 0.223512 0.216338 0.000010 0.061092
0.750535 0.000010 0.203844 0.015786 0.029824
0.865472 0.000010 0.012421 0.122086 0.000010
0.517706 0.000010 0.248965 0.019389 0.213930
0.648454 0.123774 0.157978 0.000010 0.069784
0.668937 0.129625 0.062037 0.000010 0.139391
0.816667 0.125423 0.017218 0.000010 0.040682
0.870065 0.000010 0.000010 0.031113 0.098802
0.779452 0.000010 0.154123 0.000010 0.066405
0.760353 0.000010 0.068021 0.000010 0.171606
0.882225 0.000010 0.000010 0.000010 0.117745
0.753262 0.000010 0.059363 0.015178 0.172187
0.853955 0.104796 0.000010 0.000010 0.041229
0.756045 0.070093 0.087817 0.000010 0.086035
0.395682 0.055679 0.092414 0.140237 0.315988
0.867822 0.005056 0.086860 0.000010 0.040252
0.754983 0.000010 0.121415 0.000010 0.123582
0.688883 0.090308 0.049908 0.000010 0.170891
0.696977 0.182053 0.000010 0.000010 0.120950
0.338749 0.038337 0.000010 0.127274 0.495630
0.905657 0.074425 0.000010 0.019899 0.000010
0.797727 0.000010 0.000010 0.001548 0.200705
0.576404 0.168548 0.000010 0.000010 0.255028
0.754092 0.000010 0.085227 0.000010 0.160661
0.841591 0.000010 0.093789 0.000010 0.064600
0.774455 0.135664 0.089862 0.000010 0.000010
0.817778 0.000010 0.067732 0.000010 0.114470
0.890487 0.095170 0.014323 0.000010 0.000010
0.751745 0.000010 0.027624 0.000010 0.220612
0.909761 0.000010 0.028936 0.017558 0.043735
0.916432 0.053710 0.000010 0.000010 0.029838
0.901168 0.044071 0.000010 0.054740 0.000010
0.602937 0.000010 0.133604 0.000010 0.263438
0.867144 0.051910 0.042327 0.000010 0.038608
0.600631 0.000010 0.120487 0.000010 0.278863
0.572930 0.104205 0.041787 0.047888 0.233190
0.759062 0.000010 0.219107 0.000010 0.021811
0.889707 0.000010 0.059449 0.000010 0.050825
0.738573 0.191473 0.000010 0.001317 0.068627
0.978163 0.000010 0.000010 0.021807 0.000010
0.775529 0.029291 0.000010 0.019098 0.176072
0.871979 0.000010 0.019568 0.062845 0.045598
0.524866 0.212012 0.144020 0.029173 0.089928
0.583262 0.167171 0.139832 0.000010 0.109725
0.851613 0.000010 0.148357 0.000010 0.000010
0.489188 0.064323 0.000010 0.024597 0.421882
0.648388 0.000010 0.201166 0.000010 0.150425
0.710431 0.112721 0.172695 0.000010 0.004143
0.801540 0.000010 0.000010 0.050073 0.148367
0.833826 0.073508 0.087397 0.005259 0.000010
0.716742 0.000010 0.256611 0.021615 0.005022
0.631719 0.325309 0.042952 0.000010 0.000010
0.999960 0.000010 0.000010 0.000010 0.000010
0.791919 0.047602 0.116275 0.000010 0.044194
0.827187 0.083812 0.045262 0.043730 0.000010
0.856018 0.000010 0.109502 0.034461 0.000010
0.837784 0.010284 0.151911 0.000010 0.000010
0.723779 0.067739 0.183699 0.019615 0.005168
0.738796 0.125944 0.135241 0.000010 0.000010
0.724944 0.247161 0.000010 0.000010 0.027875
0.685155 0.000010 0.101910 0.117499 0.095427
0.608084 0.014629 0.205464 0.000010 0.171812
0.760945 0.167221 0.000010 0.032338 0.039486
0.882850 0.003907 0.076268 0.036964 0.000010
0.890943 0.054550 0.000010 0.000010 0.054487
0.922403 0.000010 0.077567 0.000010 0.000010
0.713801 0.000010 0.211076 0.053574 0.021540
0.709929 0.054795 0.082037 0.000010 0.153229
0.557956 0.034663 0.260754 0.009739 0.136888
0.730066 0.129085 0.128139 0.000010 0.012699
0.874418 0.000010 0.125552 0.000010 0.000010
0.726698 0.157364 0.115918 0.000010 0.000010
0.856388 0.000010 0.104087 0.039505 0.000010
0.856662 0.117034 0.026284 0.000010 0.000010
0.532963 0.055192 0.222324 0.063396 0.126125
0.861995 0.000010 0.076831 0.061154 0.000010
0.958921 0.041049 0.000010 0.000010 0.000010
0.878614 0.000010 0.038207 0.050643 0.032526
0.858812 0.048973 0.078437 0.013769 0.000010
0.799076 0.160913 0.039992 0.000010 0.000010
0.681421 0.224237 0.000010 0.000010 0.094322
0.738451 0.040387 0.220226 0.000926 0.000010
0.742984 0.113248 0.091884 0.000010 0.051875
0.777487 0.047595 0.174898 0.000010 0.000010
0.810096 0.090204 0.000010 0.000010 0.099680
0.746501 0.000378 0.115041 0.060920 0.077160
0.821737 0.012410 0.160430 0.005412 0.000010
0.623238 0.119733 0.257009 0.000010 0.000010
0.833123 0.080556 0.081928 0.000010 0.004383
0.733560 0.000010 0.131192 0.134416 0.000822
0.808238 0.078281 0.113462 0.000010 0.000010
0.720285 0.080510 0.080059 0.071610 0.047535
0.749636 0.057824 0.135021 0.000010 0.057509
0.732646 0.017072 0.052418 0.010611 0.187254
0.843487 0.009594 0.033321 0.027702 0.085896
0.608067 0.133199 0.088469 0.004917 0.165349
0.872040 0.029959 0.097982 0.000010 0.000010
0.634820 0.221825 0.037456 0.034148 0.071751
0.790594 0.081273 0.095978 0.032145 0.000010
0.678692 0.120672 0.000010 0.000010 0.200616
0.785591 0.000010 0.105192 0.000010 0.109197
0.688035 0.047077 0.094750 0.000010 0.170128
0.975817 0.009633 0.000010 0.011971 0.002570
0.548861 0.070115 0.000010 0.113389 0.267625
0.833294 0.009278 0.101321 0.033257 0.022848
0.657300 0.142789 0.096637 0.000010 0.103265
0.557333 0.046414 0.304259 0.000010 0.091983
0.686838 0.156053 0.061698 0.000010 0.095401
0.924697 0.000010 0.042697 0.032587 0.000010
0.863228 0.102313 0.000010 0.000010 0.034439
0.658455 0.000010 0.152413 0.078748 0.110374
0.874470 0.000010 0.034033 0.000010 0.091477
0.744229 0.000010 0.049226 0.052159 0.154375
0.977370 0.000010 0.000010 0.000010 0.022600
0.772779 0.015282 0.000010 0.000010 0.211919
0.694533 0.045108 0.016235 0.107665 0.136458
0.640477 0.000010 0.229625 0.000010 0.129878
0.644809 0.132580 0.152941 0.069660 0.000010
0.630765 0.082256 0.188974 0.042927 0.055079
0.901762 0.034727 0.043334 0.020167 0.000010
0.731741 0.099557 0.165825 0.000010 0.002867
0.927571 0.000010 0.035607 0.000010 0.036802
0.946178 0.034429 0.019373 0.000010 0.000010
0.962713 0.037257 0.000010 0.000010 0.000010
0.009709 0.246383 0.743888 0.000010 0.000010
0.000010 0.112752 0.826579 0.059010 0.001649
0.196704 0.034580 0.768696 0.000010 0.000010
0.172613 0.000010 0.782152 0.000010 0.045215
0.000010 0.320790 0.485383 0.018655 0.175162
0.000010 0.130179 0.773833 0.032472 0.063505
0.000010 0.170881 0.690426 0.000010 0.138672
0.207248 0.052874 0.657597 0.048112 0.034168
0.003018 0.032622 0.955941 0.000010 0.008408
0.074896 0.240062 0.685022 0.000010 0.000010
0.000010 0.139336 0.827806 0.032838 0.000010
0.069695 0.087112 0.843173 0.000010 0.000010
0.003854 0.181973 0.759907 0.000010 0.054257
0.057169 0.006877 0.843315 0.000010 0.092629
0.040848 0.030859 0.928273 0.000010 0.000010
0.119076 0.102047 0.746118 0.032749 0.000010
0.078163 0.147400 0.774416 0.000010 0.000010
0.000010 0.054576 0.900224 0.000010 0.045181
0.058286 0.067823 0.870950 0.000010 0.002931
0.075273 0.183360 0.741347 0.000010 0.000010
0.094696 0.000010 0.905274 0.000010 0.000010
0.161991 0.000010 0.837979 0.000010 0.000010
0.000010 0.202666 0.770744 0.026570 0.000010
0.000983 0.274018 0.649534 0.000010 0.075455
0.000010 0.146248 0.853722 0.000010 0.000010
0.000010 0.005734 0.857892 0.000010 0.136355
0.054054 0.127712 0.801356 0.016869 0.000010
0.122393 0.073949 0.784125 0.019523 0.000010
0.037264 0.136241 0.767520 0.056055 0.002921
0.127105 0.099436 0.768756 0.000010 0.004693
0.000010 0.165370 0.779570 0.055041 0.000010
0.084663 0.105367 0.723424 0.000010 0.086536
0.028530 0.075446 0.786383 0.001947 0.107694
0.000010 0.123911 0.876059 0.000010 0.000010
0.022808 0.106838 0.855213 0.010421 0.004720
0.029458 0.109937 0.851787 0.000010 0.008808
0.000010 0.003762 0.996208 0.000010 0.000010
0.000010 0.175265 0.796796 0.000010 0.027919
0.000010 0.053888 0.894730 0.000010 0.051362
0.000010 0.207485 0.792485 0.000010 0.000010
0.000010 0.185199 0.787062 0.000284 0.027445
0.017415 0.000010 0.856858 0.019396 0.106321
0.820882 0.008792 0.000010 0.069326 0.100991
0.846832 0.055599 0.097548 0.000010 0.000010
0.829883 0.078901 0.000010 0.091196 0.000010
0.000010 0.151753 0.787225 0.061003 0.000010
0.000010 0.000010 0.999960 0.000010 0.000010
0.071902 0.224996 0.667815 0.000010 0.035277
0.053283 0.136968 0.742163 0.064516 0.003070
0.000010 0.147037 0.852933 0.000010 0.000010
0.002998 0.136790 0.773461 0.000010 0.086740
0.041635 0.182223 0.769648 0.000010 0.006484
0.041418 0.170418 0.778193 0.009960 0.000010
0.068236 0.083087 0.847093 0.001574 0.000010
0.000010 0.138059 0.861911 0.000010 0.000010
0.121435 0.137073 0.741472 0.000010 0.000010
0.000010 0.000010 0.956902 0.015252 0.027826
0.000010 0.117497 0.850678 0.000010 0.031805
0.000010 0.057919 0.925465 0.000010 0.016596
0.022557 0.265712 0.697701 0.000010 0.014020
0.000010 0.108394 0.889290 0.000010 0.002296
0.057146 0.008010 0.934823 0.000010 0.000010
0.000010 0.176723 0.797274 0.000010 0.025982
0.093339 0.321083 0.585558 0.000010 0.000010
0.040364 0.149244 0.810371 0.000010 0.000010
0.000010 0.137054 0.715552 0.000010 0.147373
0.000010 0.090202 0.838617 0.000010 0.071161
0.000010 0.101870 0.851978 0.015318 0.030824
0.169954 0.000010 0.798298 0.000010 0.031728
0.000010 0.001982 0.955522 0.000010 0.042476
0.000010 0.064106 0.935864 0.000010 0.000010
0.006023 0.150952 0.829484 0.013530 0.000010
0.005945 0.129166 0.574609 0.114620 0.175660
0.011483 0.028812 0.900200 0.000010 0.059495
0.034438 0.031765 0.754026 0.008190 0.171582
0.066709 0.258395 0.599603 0.000010 0.075283
0.140128 0.132132 0.595579 0.048714 0.083447
0.000010 0.277767 0.653100 0.016020 0.053104
0.000010 0.276015 0.658254 0.010315 0.055406
0.000010 0.301841 0.656783 0.000010 0.041356
0.677010 0.000010 0.182632 0.052443 0.087906
0.166704 0.832584 0.000692 0.000010 0.000010
0.699522 0.024223 0.052553 0.004167 0.219534
0.531323 0.271287 0.068879 0.128502 0.000010
0.008279 0.045117 0.859052 0.000010 0.087542
0.036206 0.000010 0.877287 0.010210 0.076288
0.000010 0.071254 0.711313 0.000010 0.217413
0.000010 0.067362 0.909739 0.000010 0.022879
0.000010 0.200891 0.655755 0.000010 0.143334
0.067902 0.042099 0.889980 0.000010 0.000010
0.000010 0.229789 0.671452 0.000010 0.098739
0.010935 0.207060 0.781985 0.000010 0.000010
0.000010 0.169808 0.830162 0.000010 0.000010
0.000010 0.000010 0.897810 0.000010 0.102160
0.000010 0.113937 0.701398 0.016921 0.167734
0.000010 0.034458 0.880431 0.000010 0.085092
0.000010 0.198726 0.768947 0.000010 0.032306
0.091427 0.094008 0.814545 0.000010 0.000010
0.016309 0.206893 0.776778 0.000010 0.000010
0.003638 0.164128 0.675088 0.000010 0.157136
0.000010 0.235206 0.679289 0.000010 0.085485
0.012174 0.190771 0.797034 0.000010 0.000010
0.064936 0.085808 0.753390 0.056867 0.038998
0.009860 0.112672 0.729576 0.080551 0.067341
0.073656 0.077866 0.724625 0.000010 0.123843
0.050162 0.000010 0.801708 0.000010 0.148110
0.000010 0.067761 0.922919 0.009300 0.000010
0.000010 0.212617 0.648587 0.000010 0.138777
0.021017 0.061682 0.899613 0.000010 0.017677
0.000010 0.199384 0.684239 0.000010 0.116357
0.000010 0.214992 0.581745 0.000010 0.203243
0.000010 0.249512 0.603613 0.039681 0.107183
0.999960 0.000010 0.000010 0.000010 0.000010
0.809061 0.002574 0.097350 0.001074 0.089940
0.758687 0.021305 0.000010 0.115127 0.104872
0.616429 0.332834 0.050717 0.000010 0.000010
0.703891 0.089592 0.000010 0.087407 0.119101
0.520470 0.185191 0.000010 0.016821 0.277509
0.640983 0.043741 0.015279 0.000010 0.299987
0.934128 0.023891 0.025344 0.016628 0.000010
0.663498 0.096780 0.000010 0.239702 0.000010
0.000010 0.082138 0.915341 0.000010 0.002501
0.000010 0.030972 0.857488 0.000010 0.111520
0.088145 0.000010 0.907266 0.004569 0.000010
0.000010 0.067697 0.719632 0.000010 0.212651
0.000010 0.046213 0.898459 0.000010 0.055308
0.000010 0.058080 0.844146 0.000010 0.097754
0.029325 0.047295 0.923360 0.000010 0.000010
0.018526 0.122804 0.822317 0.000010 0.036343
0.000010 0.034531 0.953936 0.000010 0.011512
0.121149 0.138776 0.740054 0.000010 0.000010
0.000010 0.050479 0.894076 0.000010 0.055425
0.000010 0.158024 0.808153 0.003564 0.030248
0.000010 0.144397 0.855573 0.000010 0.000010
0.016309 0.080831 0.902840 0.000010 0.000010
0.119438 0.195694 0.675770 0.009088 0.000010
0.732596 0.081896 0.000010 0.052255 0.133242
0.617628 0.056954 0.015969 0.165939 0.143510
0.725435 0.121739 0.000010 0.073470 0.079345
0.457976 0.290980 0.189376 0.000010 0.061659
0.885093 0.000010 0.114877 0.000010 0.000010
0.778243 0.162045 0.000010 0.059692 0.000010
0.947774 0.011601 0.040604 0.000010 0.000010
0.699429 0.068543 0.107643 0.002644 0.121741
0.747387 0.079873 0.061926 0.000010 0.110804
0.833092 0.000010 0.007420 0.159468 0.000010
0.728681 0.104922 0.086499 0.028295 0.051604
0.680848 0.201261 0.025768 0.000010 0.092112
0.391623 0.343336 0.203321 0.032576 0.029143
0.721277 0.159386 0.085169 0.000010 0.034158
0.928576 0.000010 0.005685 0.000010 0.065719
0.776720 0.070955 0.118384 0.000010 0.033932
0.898890 0.060436 0.000010 0.040653 0.000010
0.546643 0.216937 0.213929 0.022481 0.000010
0.302405 0.072319 0.301071 0.000010 0.324195
0.416178 0.414976 0.030999 0.000010 0.137837
0.747296 0.002664 0.108649 0.030913 0.110478
0.509468 0.191353 0.173076 0.126094 0.000010
0.514373 0.405271 0.000010 0.000010 0.080335
0.757183 0.000010 0.069860 0.000010 0.172937
0.663933 0.193678 0.142370 0.000010 0.000010
0.638204 0.283134 0.078641 0.000010 0.000010
0.033345 0.000010 0.000010 0.891392 0.075243
0.673691 0.131366 0.000010 0.065137 0.129796
0.823660 0.144882 0.000010 0.000010 0.031438
0.623242 0.266494 0.100132 0.010122 0.000010
0.896515 0.000010 0.000010 0.097368 0.006097
0.978230 0.000010 0.000010 0.000010 0.021740
0.801007 0.000010 0.030780 0.104734 0.063468
0.464702 0.393498 0.122881 0.018910 0.000010
0.329324 0.042950 0.000010 0.577723 0.049993
0.684019 0.231493 0.084468 0.000010 0.000010
0.940447 0.000010 0.000010 0.000010 0.059523
0.796146 0.000010 0.000010 0.042106 0.161729
0.000010 0.000010 0.121958 0.878012 0.000010
0.684839 0.014539 0.000010 0.246591 0.054020
0.417590 0.351717 0.030353 0.003504 0.196836
0.799742 0.015062 0.000010 0.054191 0.130995
0.750087 0.000010 0.224013 0.025880 0.000010
0.652062 0.319824 0.028094 0.000010 0.000010
0.826172 0.045498 0.037077 0.035003 0.056250
0.769408 0.100270 0.000010 0.130302 0.000010
0.765684 0.000010 0.113166 0.015752 0.105388
0.536701 0.002114 0.049247 0.335922 0.076016
0.845429 0.078130 0.000010 0.056438 0.019993
0.730113 0.056911 0.018753 0.021359 0.172864
0.902724 0.044749 0.000010 0.052507 0.000010
0.508054 0.315943 0.000010 0.009561 0.166433
0.776618 0.007777 0.078134 0.137461 0.000010
0.524596 0.237864 0.051055 0.000010 0.186474
0.563390 0.206603 0.116764 0.000010 0.113233
0.260316 0.446822 0.200456 0.007521 0.084884
0.389643 0.259539 0.063399 0.259074 0.028344
0.888774 0.053566 0.000010 0.057640 0.000010
0.317730 0.553357 0.020299 0.033929 0.074685
0.724441 0.004308 0.000010 0.000010 0.271231
0.508530 0.436584 0.029996 0.024880 0.000010
0.597214 0.393447 0.000010 0.000010 0.009319
0.572405 0.078688 0.007979 0.145773 0.195154
0.835262 0.048906 0.000010 0.091018 0.024804
0.000010 0.484774 0.082269 0.432937 0.000010
0.762614 0.022633 0.090898 0.123845 0.000010
0.839769 0.056067 0.028129 0.076024 0.000010
0.816236 0.000010 0.104214 0.000010 0.079531
0.647804 0.000010 0.000010 0.236015 0.116161
0.246418 0.347882 0.037424 0.368267 0.000010
0.478235 0.000010 0.000010 0.424857 0.096888
0.911100 0.088870 0.000010 0.000010 0.000010
0.399796 0.536798 0.003502 0.000010 0.059895
0.634842 0.225556 0.028574 0.111018 0.000010
0.199770 0.206094 0.021852 0.526634 0.045650
0.372261 0.561807 0.000010 0.000010 0.065911
0.726075 0.116030 0.000010 0.074508 0.083377
0.596720 0.053970 0.000010 0.349290 0.000010
0.780466 0.159400 0.000010 0.015934 0.044190
0.737886 0.196697 0.000010 0.065397 0.000010
0.578560 0.008207 0.067262 0.129234 0.216737
0.336944 0.181621 0.000010 0.481415 0.000010
0.301730 0.000010 0.129818 0.485193 0.083249
0.874235 0.042243 0.000010 0.083502 0.000010
0.594263 0.148436 0.000010 0.061430 0.195862
0.699319 0.150351 0.000010 0.000010 0.150310
0.807596 0.185102 0.000010 0.000010 0.007282
0.863177 0.016486 0.021931 0.000010 0.098396
0.288501 0.412037 0.088495 0.209134 0.001834
0.656036 0.214611 0.000010 0.006450 0.122893
0.523546 0.058750 0.058808 0.276729 0.082168
0.760237 0.145689 0.000010 0.090356 0.003708
0.407193 0.000010 0.096052 0.496735 0.000010
0.607245 0.198822 0.078091 0.060429 0.055412
0.681851 0.188966 0.000010 0.119972 0.009201
0.069725 0.291814 0.034540 0.512125 0.091796
0.787460 0.084438 0.000010 0.000010 0.128082
0.077819 0.894270 0.000010 0.014842 0.013058
0.499415 0.430064 0.070501 0.000010 0.000010
0.175827 0.595151 0.157388 0.027082 0.044552
0.624073 0.113756 0.027253 0.035947 0.198970
0.653953 0.135234 0.081865 0.000010 0.128939
0.832948 0.167022 0.000010 0.000010 0.000010
0.922116 0.000010 0.000010 0.000010 0.077854
0.837325 0.027005 0.000010 0.052339 0.083321
0.591572 0.175440 0.034956 0.000010 0.198022
0.649269 0.187720 0.144972 0.000010 0.018029
0.875657 0.022805 0.039831 0.046796 0.014911
0.531700 0.276121 0.040557 0.062117 0.089505
0.743270 0.000010 0.037093 0.000010 0.219617
0.658933 0.232040 0.008177 0.057759 0.043091
0.948073 0.000010 0.051897 0.000010 0.000010
0.013970 0.887024 0.038357 0.000010 0.060639
0.455955 0.453489 0.002036 0.076798 0.011722
0.369969 0.469917 0.050529 0.109575 0.000010
0.494717 0.469215 0.000010 0.000010 0.036049
0.456404 0.498389 0.000010 0.045187 0.000010
0.323300 0.324816 0.220038 0.131836 0.000010
0.662321 0.153736 0.183923 0.000010 0.000010
0.361081 0.607844 0.000010 0.000010 0.031055
0.939692 0.000010 0.027778 0.032510 0.000010
0.549394 0.364154 0.000010 0.040466 0.045976
0.743712 0.096090 0.081623 0.014857 0.063718
0.540397 0.427383 0.000010 0.000010 0.032199
0.570197 0.407734 0.000010 0.022050 0.000010
0.334627 0.628161 0.000010 0.000010 0.037191
0.429473 0.000010 0.000010 0.563677 0.006830
0.000010 0.714973 0.221396 0.000010 0.063611
0.666198 0.071696 0.000010 0.000010 0.262086
0.000010 0.814168 0.016142 0.000010 0.169670
0.576082 0.098348 0.008492 0.171962 0.145116
0.921180 0.055693 0.023107 0.000010 0.000010
0.647279 0.087908 0.203305 0.000010 0.061498
0.540815 0.196334 0.000010 0.178218 0.084623
0.393313 0.502190 0.036056 0.000010 0.068431
0.591501 0.311029 0.000010 0.097450 0.000010
0.665280 0.334690 0.000010 0.000010 0.000010
0.507898 0.355201 0.008499 0.000010 0.128392
0.233164 0.379298 0.116509 0.271019 0.000010
0.478154 0.283679 0.072898 0.165259 0.000010
0.645342 0.166473 0.010241 0.029589 0.148354
0.427341 0.380290 0.012617 0.000010 0.179741
0.527057 0.076397 0.000010 0.369366 0.027170
0.664341 0.096369 0.000010 0.011985 0.227295
0.109823 0.208008 0.256087 0.426071 0.000010
0.494068 0.418860 0.087052 0.000010 0.000010
0.833171 0.023203 0.000010 0.000010 0.143606
0.521571 0.302476 0.000010 0.003662 0.172280
0.781501 0.000010 0.068993 0.000010 0.149486
0.648724 0.090710 0.260546 0.000010 0.000010
0.605289 0.270595 0.000010 0.000010 0.124097
0.448717 0.391472 0.019235 0.000010 0.140566
0.390628 0.467981 0.136946 0.004435 0.000010
0.785540 0.012180 0.031511 0.159248 0.011522
0.912395 0.087575 0.000010 0.000010 0.000010
0.477037 0.000010 0.000010 0.517090 0.005854
0.118609 0.514223 0.204527 0.095836 0.066805
0.228865 0.663360 0.000010 0.044699 0.063066
0.661876 0.093691 0.032954 0.093002 0.118477
0.558698 0.246115 0.150101 0.045077 0.000010
0.355028 0.540519 0.085183 0.000010 0.019259
0.183073 0.424942 0.022663 0.000010 0.369311
0.685238 0.277813 0.000010 0.000010 0.036930
0.411104 0.345820 0.197754 0.026967 0.018355
0.373053 0.573133 0.000010 0.053794 0.000010
0.119428 0.196368 0.144274 0.405866 0.134064
0.553251 0.165577 0.000010 0.000010 0.281152
0.726226 0.065104 0.000010 0.019919 0.188742
0.859653 0.000010 0.023234 0.117093 0.000010
0.526886 0.000010 0.000010 0.473084 0.000010
0.374174 0.484909 0.089425 0.000268 0.051224
0.631645 0.127674 0.189644 0.042512 0.008525
0.559044 0.235675 0.005611 0.160511 0.039159
0.734340 0.000010 0.205020 0.000010 0.060620
0.673633 0.098334 0.000010 0.000010 0.228013
0.794713 0.040677 0.000010 0.131643 0.032957
0.492896 0.364342 0.121172 0.021580 0.000010
0.416643 0.450872 0.000010 0.000010 0.132465
0.736054 0.234875 0.000010 0.000010 0.029051
0.381496 0.495900 0.122584 0.000010 0.000010
0.806163 0.002829 0.016892 0.019742 0.154374
0.814988 0.000211 0.041539 0.143252 0.000010
0.913680 0.028437 0.022688 0.023739 0.011456
0.626818 0.000010 0.000010 0.000010 0.373152
0.919370 0.010643 0.069966 0.000010 0.000010
0.734188 0.000010 0.000010 0.000010 0.265782
0.978693 0.000010 0.000010 0.000010 0.021277
0.711113 0.046145 0.016415 0.000010 0.226317
0.691041 0.127859 0.000010 0.000010 0.181079
0.741732 0.076517 0.000010 0.055986 0.125756
0.935497 0.000010 0.000010 0.064473 0.000010
0.808313 0.137646 0.000010 0.000010 0.054021
0.719534 0.225087 0.000010 0.000010 0.055360
0.767549 0.050863 0.008454 0.000010 0.173123
0.772405 0.061169 0.000010 0.047795 0.118622
0.813041 0.000010 0.039817 0.025120 0.122012
0.684092 0.063738 0.075730 0.025885 0.150554
0.854894 0.000010 0.000010 0.006684 0.138402
0.707198 0.122002 0.117090 0.000010 0.053700
0.742236 0.220231 0.000010 0.037514 0.000010
0.675033 0.114898 0.101299 0.000010 0.108760
0.776362 0.000010 0.064298 0.000010 0.159320
0.810663 0.113466 0.000010 0.000010 0.075851
0.766515 0.000010 0.000010 0.000010 0.233455
0.515478 0.310646 0.000010 0.000010 0.173856
0.000010 0.548822 0.000010 0.395551 0.055607
0.286462 0.029182 0.018001 0.666345 0.000010
0.084304 0.915666 0.000010 0.000010 0.000010
0.929989 0.000010 0.000010 0.000010 0.069981
0.432229 0.230496 0.114404 0.011223 0.211648
0.271610 0.728360 0.000010 0.000010 0.000010
0.000010 0.417056 0.088415 0.494075 0.000445
0.250087 0.667887 0.060909 0.000010 0.021106
0.000010 0.161584 0.129873 0.000010 0.708523
0.712356 0.047160 0.043009 0.012875 0.184600
0.228501 0.000010 0.100031 0.000010 0.671448
0.473787 0.364926 0.000010 0.040962 0.120315
0.000010 0.213072 0.726514 0.000010 0.060394
0.046317 0.178629 0.525818 0.000010 0.249225
0.122286 0.187633 0.690061 0.000010 0.000010
0.007058 0.270912 0.564091 0.050470 0.107469
0.000010 0.041362 0.917280 0.000010 0.041337
0.017950 0.080375 0.853873 0.016476 0.031325
0.630217 0.000010 0.039378 0.000010 0.330386
0.794996 0.051510 0.055265 0.078665 0.019564
0.924840 0.023063 0.000010 0.052077 0.000010
0.856911 0.143059 0.000010 0.000010 0.000010
0.717142 0.095665 0.000010 0.000010 0.187173
0.768323 0.029397 0.000010 0.137836 0.064434
0.925344 0.000010 0.062998 0.000010 0.011638
0.793171 0.003174 0.000010 0.033948 0.169697
0.889446 0.061966 0.000010 0.000010 0.048568
0.783912 0.069779 0.000010 0.047071 0.099228
0.723655 0.192858 0.000010 0.083468 0.000010
0.502880 0.053960 0.000010 0.012036 0.431114
0.820117 0.000010 0.000010 0.000010 0.179853
0.718561 0.089122 0.000010 0.001085 0.191222
0.892364 0.000010 0.052476 0.000010 0.055140
0.921343 0.024492 0.000010 0.000010 0.054145
0.797390 0.086163 0.000010 0.050744 0.065692
0.672251 0.039194 0.084618 0.203927 0.000010
0.783850 0.000010 0.000010 0.078973 0.137157
0.829800 0.057796 0.000010 0.017268 0.095126
0.873735 0.045019 0.025767 0.055468 0.000010
0.785927 0.000010 0.080603 0.133450 0.000010
0.707395 0.015487 0.079184 0.151463 0.046472
0.710537 0.003359 0.079178 0.206916 0.000010
0.632300 0.093258 0.102014 0.016136 0.156291
0.756705 0.038589 0.000010 0.000010 0.204686
0.768269 0.113140 0.000010 0.000010 0.118571
0.801692 0.110593 0.064781 0.000010 0.022923
0.901321 0.000010 0.098649 0.000010 0.000010
0.651880 0.046334 0.118018 0.010203 0.173566
0.843338 0.048544 0.004231 0.000010 0.103877
0.981239 0.000010 0.000010 0.018731 0.000010
0.751790 0.060762 0.014621 0.000010 0.172817
0.983579 0.000010 0.016391 0.000010 0.000010
0.812698 0.000010 0.087219 0.041354 0.058718
0.907560 0.092410 0.000010 0.000010 0.000010
0.800536 0.000010 0.077978 0.001480 0.119997
0.746124 0.000010 0.090397 0.054469 0.109000
0.810212 0.103526 0.009001 0.000010 0.077251
0.931474 0.009597 0.000010 0.000010 0.058908
0.941032 0.038195 0.020753 0.000010 0.000010
0.831020 0.109606 0.037039 0.022325 0.000010
0.853262 0.076828 0.000010 0.000010 0.069890
0.824340 0.000010 0.000010 0.000010 0.175630
0.842667 0.010009 0.041691 0.000010 0.105622
0.721901 0.025893 0.000010 0.025437 0.226760
0.778800 0.102058 0.000010 0.002721 0.116411
0.848583 0.000010 0.000010 0.083463 0.067934
0.891895 0.000010 0.000010 0.000010 0.108075
0.880311 0.015385 0.000010 0.000010 0.104284
0.600437 0.000010 0.077326 0.107440 0.214787
0.858488 0.048322 0.086402 0.000010 0.006778
0.792234 0.010438 0.035981 0.041724 0.119623
0.627298 0.140912 0.000010 0.039636 0.192144
0.881282 0.000010 0.000010 0.000010 0.118688
0.884185 0.000010 0.000010 0.000235 0.115560
0.665747 0.193459 0.090581 0.050203 0.000010
0.885030 0.004895 0.052060 0.000010 0.058005
0.852279 0.096859 0.000010 0.000010 0.050842
0.913883 0.000010 0.005250 0.080847 0.000010
0.858181 0.022380 0.063163 0.000010 0.056267
0.677068 0.000010 0.036023 0.015003 0.271896
0.801616 0.000010 0.057098 0.095693 0.045583
0.763654 0.000010 0.000010 0.017340 0.218986
0.654006 0.141732 0.005260 0.009901 0.189102
0.703834 0.067201 0.000010 0.000010 0.228945
0.840649 0.012172 0.072146 0.075023 0.000010
0.758365 0.056776 0.009790 0.085215 0.089854
0.751008 0.063029 0.000010 0.000010 0.185943
0.667080 0.109835 0.099161 0.000010 0.123914
0.785672 0.000010 0.000010 0.000010 0.214298
0.843992 0.122601 0.033386 0.000010 0.000010
0.900222 0.096256 0.003502 0.000010 0.000010
0.055214 0.123182 0.767529 0.009164 0.044912
0.000010 0.000010 0.829314 0.000010 0.170656
0.063847 0.138822 0.781521 0.015800 0.000010
0.000010 0.060398 0.851656 0.000010 0.087927
0.000010 0.019002 0.980968 0.000010 0.000010
0.000010 0.117104 0.815136 0.000010 0.067741
0.000010 0.020423 0.772687 0.035058 0.171822
0.000010 0.077211 0.768530 0.043443 0.110806
0.000010 0.075937 0.695498 0.011503 0.217052
0.000010 0.000010 0.999960 0.000010 0.000010
0.041354 0.000010 0.936248 0.022378 0.000010
0.003935 0.096556 0.854798 0.000010 0.044700
0.023925 0.290294 0.685761 0.000010 0.000010
0.051087 0.024728 0.737159 0.000010 0.187015
0.000010 0.228452 0.771518 0.000010 0.000010
0.096994 0.212459 0.666778 0.023760 0.000010
0.000010 0.141387 0.842258 0.000010 0.016335
0.024566 0.123066 0.748915 0.000010 0.103443
0.104730 0.035460 0.859790 0.000010 0.000010
0.055121 0.242416 0.559514 0.000010 0.142939
0.000010 0.000010 0.886420 0.000010 0.113550
0.088221 0.126645 0.706036 0.000010 0.079087
0.107144 0.000010 0.844558 0.000010 0.048278
0.000010 0.000010 0.964979 0.000010 0.034991
0.000010 0.085280 0.908195 0.000010 0.006505
0.000010 0.058718 0.908808 0.032454 0.000010
0.061632 0.174863 0.728773 0.000010 0.034722
0.000010 0.048666 0.874696 0.000010 0.076618
0.056050 0.120320 0.575536 0.000010 0.248084
0.017449 0.012296 0.828424 0.000010 0.141822
0.081152 0.083631 0.538688 0.000010 0.296519
0.000010 0.000010 0.885222 0.000010 0.114748
0.098610 0.056570 0.778664 0.000010 0.066146
0.169735 0.031980 0.694287 0.103988 0.000010
0.000010 0.255523 0.584373 0.000010 0.160084
0.000010 0.144750 0.834918 0.000010 0.020311
0.096879 0.174031 0.577845 0.065640 0.085605
0.006451 0.000010 0.894927 0.000010 0.098602
0.000010 0.000010 0.978018 0.000010 0.021952
0.011867 0.088454 0.772459 0.046795 0.080425
0.010663 0.160068 0.829249 0.000010 0.000010
0.000010 0.051524 0.772864 0.000010 0.175592
0.000010 0.091474 0.753360 0.000010 0.155146
0.028836 0.156153 0.661570 0.033299 0.120141
0.000010 0.105581 0.721044 0.089467 0.083898
0.000010 0.310327 0.508329 0.000010 0.181324
0.000010 0.000010 0.779213 0.000010 0.220757
0.000010 0.165239 0.772718 0.016164 0.045868
0.089302 0.162650 0.563775 0.017547 0.166726
0.000010 0.209748 0.713290 0.000010 0.076941
0.000010 0.233347 0.493409 0.018129 0.255105
0.087976 0.130370 0.681324 0.091461 0.008869
0.016501 0.142429 0.628637 0.000010 0.212424
0.000010 0.092013 0.579627 0.127357 0.200993
0.000010 0.432155 0.393891 0.015533 0.158411
0.000010 0.207897 0.543621 0.000010 0.248461
0.020001 0.000010 0.116533 0.863446 0.000010
0.158468 0.094188 0.049780 0.478205 0.219360
0.006582 0.000010 0.000010 0.993388 0.000010
0.000010 0.000010 0.000010 0.978473 0.021497
0.504978 0.000010 0.000010 0.418496 0.076506
0.112943 0.000010 0.000010 0.887027 0.000010
0.000010 0.077765 0.000010 0.922205 0.000010
0.003088 0.069477 0.075809 0.851616 0.000010
0.034547 0.330530 0.104870 0.492023 0.038030
0.000010 0.645470 0.354500 0.000010 0.000010
0.252180 0.000010 0.260090 0.487710 0.000010
0.000010 0.000010 0.007644 0.992326 0.000010
0.412928 0.000010 0.000010 0.587042 0.000010
0.371214 0.000010 0.000010 0.628756 0.000010
0.000010 0.000010 0.036597 0.963373 0.000010
0.000010 0.810645 0.189325 0.000010 0.000010
0.723300 0.105521 0.152717 0.008427 0.010035
0.000010 0.863259 0.136711 0.000010 0.000010
0.280766 0.395599 0.252878 0.000010 0.070748
0.003925 0.852700 0.143356 0.000010 0.000010
0.083249 0.749327 0.167404 0.000010 0.000010
0.091703 0.908267 0.000010 0.000010 0.000010
0.170765 0.605056 0.123643 0.000010 0.100525
0.404551 0.595419 0.000010 0.000010 0.000010
0.132774 0.841060 0.000010 0.000010 0.026146
0.000010 0.970207 0.000010 0.000010 0.029763
0.014862 0.819738 0.000010 0.000010 0.165380
0.101341 0.724720 0.065097 0.000010 0.108831
0.488976 0.373405 0.115565 0.022043 0.000010
0.000010 0.422699 0.029604 0.515365 0.032322
0.083263 0.581536 0.016369 0.000010 0.318822
0.000010 0.445869 0.414478 0.000010 0.139634
0.206767 0.793203 0.000010 0.000010 0.000010
0.036674 0.388622 0.103994 0.414785 0.055926
0.000010 0.647370 0.000010 0.000010 0.352600
0.000010 0.960577 0.000010 0.000010 0.039393
0.000010 0.712837 0.182665 0.000010 0.104478
0.002834 0.700502 0.001314 0.023381 0.271968
0.000010 0.758599 0.157673 0.000010 0.083708
0.000010 0.000010 0.000010 0.999960 0.000010
0.016285 0.054964 0.091441 0.837300 0.000010
0.000501 0.869480 0.000010 0.000010 0.129999
0.186976 0.286848 0.104655 0.421510 0.000010
0.406016 0.474940 0.000010 0.003504 0.115530
0.000010 0.999960 0.000010 0.000010 0.000010
0.132180 0.565428 0.078742 0.023458 0.200191
0.058363 0.468954 0.000010 0.212036 0.260637
0.000010 0.965435 0.000010 0.000010 0.034535
0.000010 0.999960 0.000010 0.000010 0.000010
0.271250 0.658953 0.039937 0.006183 0.023678
0.304581 0.619132 0.000010 0.076267 0.000010
0.233547 0.642006 0.000010 0.000010 0.124427
0.656222 0.244662 0.000010 0.035644 0.063462
0.082478 0.785514 0.131988 0.000010 0.000010
0.027401 0.000010 0.040553 0.906724 0.025313
0.033245 0.000010 0.000010 0.966725 0.000010
0.124631 0.000010 0.000010 0.875339 0.000010
0.034734 0.040477 0.000010 0.924770 0.000010
0.115845 0.000010 0.191487 0.670808 0.021850
0.090206 0.835066 0.074708 0.000010 0.000010
0.000010 0.932867 0.000010 0.000010 0.067103
0.002132 0.829988 0.167860 0.000010 0.000010
0.080382 0.914948 0.000010 0.000010 0.004650
0.000010 0.895203 0.104767 0.000010 0.000010
0.500167 0.499803 0.000010 0.000010 0.000010
0.000010 0.821894 0.000010 0.000010 0.178076
0.099131 0.000010 0.000010 0.900839 0.000010
0.099860 0.000010 0.000010 0.742185 0.157935
0.060574 0.000010 0.000010 0.939396 0.000010
0.009946 0.000010 0.011535 0.978500 0.000010
0.000010 0.017983 0.019661 0.922543 0.039803
0.000010 0.000010 0.827354 0.013577 0.159049
0.000010 0.127995 0.758114 0.000010 0.113871
0.000010 0.206255 0.548157 0.040807 0.204771
0.018486 0.092532 0.799266 0.089706 0.000010
0.130476 0.011227 0.782585 0.048242 0.027470
0.000010 0.144932 0.612898 0.045834 0.196325
0.060339 0.117027 0.602405 0.090554 0.129675
0.000010 0.075874 0.832013 0.000010 0.092094
0.062813 0.000010 0.625804 0.000010 0.311364
0.005690 0.221653 0.753503 0.019144 0.000010
0.000010 0.114246 0.806295 0.000533 0.078915
0.022637 0.132424 0.799529 0.005176 0.040235
0.108990 0.090597 0.685758 0.000010 0.114645
0.047817 0.122630 0.715259 0.045813 0.068481
0.000010 0.255718 0.595672 0.000010 0.148590
0.000010 0.267425 0.640111 0.024619 0.067835
0.127491 0.071674 0.800815 0.000010 0.000010
0.219719 0.000010 0.294249 0.486011 0.000010
0.000010 0.091663 0.000010 0.908307 0.000010
0.000010 0.000010 0.074437 0.925533 0.000010
0.411066 0.000010 0.000010 0.588904 0.000010
0.040590 0.296276 0.593603 0.050161 0.019370
0.058873 0.244556 0.590705 0.000010 0.105856
0.031724 0.000010 0.922118 0.000010 0.046139
0.003259 0.000010 0.890401 0.000010 0.106320
0.000010 0.094380 0.875927 0.029673 0.000010
0.066561 0.000010 0.842674 0.009482 0.081273
0.095980 0.131639 0.680266 0.033294 0.058821
0.000010 0.298678 0.540217 0.000010 0.161085
0.067397 0.000010 0.613066 0.000010 0.319517
0.000010 0.235634 0.564405 0.000010 0.199941
0.000010 0.228356 0.666017 0.029535 0.076082
0.000010 0.236695 0.644520 0.000010 0.118765
0.008178 0.128845 0.761025 0.094624 0.007329
0.009444 0.258117 0.573416 0.088286 0.070738
0.000010 0.270055 0.444297 0.000010 0.285628
0.000010 0.253508 0.525978 0.000010 0.220494
0.000010 0.169427 0.690926 0.000010 0.139627
0.000010 0.269704 0.691449 0.000010 0.038826
0.000010 0.371050 0.578064 0.000010 0.050866
0.000010 0.210172 0.723479 0.000010 0.066329
0.000010 0.141302 0.628997 0.000010 0.229681
0.000010 0.912189 0.087781 0.000010 0.000010
0.360093 0.554387 0.000010 0.085499 0.000010
0.000010 0.048599 0.034502 0.916879 0.000010
0.301997 0.509838 0.000010 0.065897 0.122259
0.107776 0.887562 0.001637 0.000010 0.003015
0.002529 0.921869 0.075582 0.000010 0.000010
0.000010 0.094211 0.000010 0.905759 0.000010
0.000010 0.000010 0.023384 0.976586 0.000010
0.035404 0.060487 0.000010 0.897474 0.006625
0.071994 0.076051 0.585793 0.000010 0.266152
0.000010 0.154578 0.558538 0.000010 0.286864
0.000010 0.077293 0.842734 0.000010 0.079953
0.000010 0.081357 0.565033 0.123777 0.229823
0.034243 0.117112 0.688135 0.011744 0.148766
0.000010 0.286558 0.604551 0.005312 0.103569
0.000010 0.077688 0.825528 0.000010 0.096764
0.142621 0.124425 0.706735 0.000010 0.026209
0.113918 0.145427 0.612885 0.047493 0.080276
0.000010 0.038527 0.804298 0.000010 0.157155
0.261225 0.159483 0.575412 0.003870 0.000010
0.000010 0.156341 0.744988 0.000010 0.098651
0.105087 0.149329 0.599215 0.018553 0.127816
0.000010 0.168794 0.616471 0.000010 0.214715
0.000010 0.153827 0.648629 0.000010 0.197523
0.000010 0.230872 0.531786 0.000010 0.237322
0.000010 0.193163 0.565583 0.000010 0.241234
0.000010 0.000010 0.000010 0.972345 0.027625
0.000010 0.000010 0.000010 0.999960 0.000010
0.000010 0.817672 0.182298 0.000010 0.000010
0.109126 0.701118 0.188929 0.000817 0.000010
0.000010 0.904925 0.095045 0.000010 0.000010
0.000010 0.014120 0.819470 0.000010 0.166390
0.000010 0.051485 0.796418 0.000010 0.152077
0.000010 0.017480 0.924269 0.011518 0.046723
0.000010 0.250624 0.632759 0.040239 0.076368
0.000010 0.287905 0.533785 0.012764 0.165535
0.164165 0.000010 0.649534 0.000010 0.186281
0.045519 0.157153 0.665505 0.000010 0.131812
0.000010 0.120733 0.727153 0.019625 0.132479
0.000010 0.179595 0.529023 0.000010 0.291362
0.009296 0.253445 0.708477 0.028773 0.000010
0.000010 0.100424 0.867009 0.000010 0.032546
0.000013 0.146127 0.592513 0.000010 0.261337
0.000010 0.182032 0.689348 0.000010 0.128600
0.000010 0.152719 0.753780 0.000010 0.093481
0.000010 0.177405 0.645358 0.000010 0.177217
0.000010 0.099861 0.900109 0.000010 0.000010
0.000010 0.193828 0.586425 0.000010 0.219727
0.000010 0.112349 0.859573 0.028057 0.000010
0.066961 0.100604 0.701931 0.000010 0.130494
0.000010 0.140568 0.783110 0.008575 0.067738
0.904182 0.000010 0.052150 0.043648 0.000010
0.749205 0.031788 0.039149 0.000033 0.179825
0.757622 0.050982 0.073425 0.012571 0.105400
0.928935 0.000010 0.071035 0.000010 0.000010
0.814336 0.065966 0.057739 0.000010 0.061948
0.839011 0.007188 0.078860 0.000010 0.074931
0.939415 0.000010 0.000010 0.060555 0.000010
0.823442 0.043718 0.000010 0.000010 0.132819
0.823257 0.000010 0.143222 0.024277 0.009234
0.905984 0.000010 0.048671 0.000010 0.045325
0.851027 0.074625 0.000010 0.056501 0.017837
0.632800 0.000010 0.247911 0.062617 0.056661
0.783028 0.083675 0.019665 0.113622 0.000010
0.918509 0.001368 0.030213 0.000010 0.049900
0.000010 0.076420 0.769817 0.000010 0.153743
0.001568 0.734448 0.173464 0.000010 0.090510
0.473945 0.379096 0.000010 0.014010 0.132939
0.000010 0.040927 0.000010 0.959043 0.000010
0.000010 0.284520 0.000010 0.633533 0.081927
0.000010 0.624242 0.151994 0.075833 0.147921
0.380503 0.334601 0.141565 0.033949 0.109382
0.046712 0.686710 0.266558 0.000010 0.000010
0.000010 0.911835 0.000119 0.000010 0.088026
0.000010 0.789547 0.033279 0.000010 0.177154
0.000205 0.762083 0.222335 0.000010 0.015366
0.004413 0.927844 0.062789 0.000010 0.004944
0.000010 0.518682 0.000010 0.413427 0.067871
0.000010 0.979433 0.020537 0.000010 0.000010
0.025408 0.900634 0.061724 0.000010 0.012223
0.061228 0.857367 0.008386 0.000010 0.073010
0.355209 0.000010 0.000010 0.604617 0.040154
0.000010 0.000010 0.000010 0.970028 0.029942
0.000010 0.000010 0.000010 0.945936 0.054034
0.377831 0.000010 0.006050 0.616099 0.000010
0.366458 0.557273 0.000010 0.000010 0.076249
0.000010 0.830294 0.048153 0.000010 0.121533
0.000010 0.999960 0.000010 0.000010 0.000010
0.070438 0.869781 0.000010 0.000010 0.059761
0.397563 0.472918 0.117997 0.011512 0.000010
0.003919 0.945863 0.050198 0.000010 0.000010
0.058380 0.720781 0.161051 0.059779 0.000010
0.498027 0.170297 0.086166 0.245499 0.000010
0.045632 0.000010 0.000010 0.954338 0.000010
0.029858 0.000010 0.000010 0.943798 0.026324
0.064805 0.000010 0.000010 0.935165 0.000010
0.000010 0.680715 0.120485 0.000010 0.198781
0.000010 0.000010 0.000010 0.944241 0.055729
0.021272 0.000010 0.051146 0.927562 0.000010
0.000010 0.043270 0.000010 0.913756 0.042954
0.038428 0.000010 0.000010 0.961542 0.000010
0.247860 0.000010 0.059131 0.459088 0.233911
